TEMPOS: 

Tempos de Vetor: 
0.12027096748352051, 0.14419960975646973, 0.13283395767211914, 0.2178657054901123, 0.1286637783050537, 0.1308269500732422, 0.12810826301574707, 0.13789772987365723, 0.12988567352294922, 0.12410235404968262, 0.13162708282470703, 0.1271519660949707, 0.15663957595825195, 0.13556957244873047, 0.13033843040466309, 0.1266646385192871, 0.12265539169311523, 0.1275017261505127, 0.13903355598449707, 0.12667632102966309, 0.13495135307312012, 0.12903952598571777, 0.13004446029663086, 0.12211132049560547, 0.1229252815246582, 0.1444566249847412, 0.13034653663635254, 0.19916224479675293, 0.18432831764221191, 0.12959074974060059, 0.1375875473022461, 0.12847304344177246, 0.11886477470397949, 0.12464523315429688, 0.12496089935302734, 0.13085651397705078, 0.12787890434265137, 0.12101173400878906, 0.1252741813659668, 0.12928247451782227, 0.11900138854980469, 0.12911081314086914, 0.12915992736816406, 0.1414344310760498, 0.13374543190002441, 0.12596654891967773, 0.12669968605041504, 0.13252568244934082, 0.12938499450683594, 0.1284952163696289, 

Tempo Médio de Vetor: 0.13419658184051514

Tempos de Heap: 
0.34918713569641113, 0.35602760314941406, 0.3614175319671631, 0.8136289119720459, 0.35108280181884766, 0.3480498790740967, 0.34796929359436035, 0.5203080177307129, 0.3480696678161621, 0.34853434562683105, 0.34957194328308105, 0.37673497200012207, 0.3581368923187256, 0.3495936393737793, 0.3541886806488037, 0.35123634338378906, 0.3617274761199951, 0.3657402992248535, 0.3575460910797119, 0.3735322952270508, 0.34958529472351074, 0.3618433475494385, 0.3575921058654785, 0.3575766086578369, 0.35752105712890625, 0.39485931396484375, 0.6655871868133545, 0.375993013381958, 0.4528963565826416, 0.36312150955200195, 0.3602573871612549, 0.3622267246246338, 0.349747896194458, 0.3545846939086914, 0.3477029800415039, 0.3583064079284668, 0.3625659942626953, 0.38297057151794434, 0.36209630966186523, 0.36441993713378906, 0.37188196182250977, 0.36296868324279785, 0.3539550304412842, 0.3645448684692383, 0.3546888828277588, 0.3580360412597656, 0.3479323387145996, 0.3545703887939453, 0.35797858238220215, 0.35463404655456543, 

Tempo Médio de Heap: 0.37929858684539797
fim